[gd_scene load_steps=17 format=3 uid="uid://j4mdajbofnrt"]

[ext_resource type="PackedScene" uid="uid://cwtrpjm3y5u7k" path="res://player/player.tscn" id="1_spnw0"]
[ext_resource type="Texture2D" uid="uid://c21jiwsaawmby" path="res://addons/kenney_prototype_textures/dark/texture_01.png" id="2_0o3qh"]
[ext_resource type="Script" path="res://hitbox/hitbox.gd" id="2_hpmpi"]
[ext_resource type="PackedScene" uid="uid://ebwds7eaxfnk" path="res://hit_particle_effects/hit_particle_effect.tscn" id="3_0r2ke"]
[ext_resource type="Texture2D" uid="uid://1bm83c3o22q0" path="res://addons/kenney_prototype_textures/orange/texture_01.png" id="4_btoih"]
[ext_resource type="PackedScene" uid="uid://caglokhhtscog" path="res://shooting_target/shooting_target_set.tscn" id="4_ea6rt"]
[ext_resource type="Texture2D" uid="uid://kcapgctfb5hw" path="res://addons/kenney_prototype_textures/light/texture_12.png" id="4_jxehm"]

[sub_resource type="ProceduralSkyMaterial" id="ProceduralSkyMaterial_f6ngm"]

[sub_resource type="Sky" id="Sky_o8cxe"]
sky_material = SubResource("ProceduralSkyMaterial_f6ngm")

[sub_resource type="Environment" id="Environment_5ktl4"]
background_mode = 2
sky = SubResource("Sky_o8cxe")

[sub_resource type="CameraAttributesPractical" id="CameraAttributesPractical_171rf"]

[sub_resource type="StandardMaterial3D" id="StandardMaterial3D_yhb13"]
albedo_texture = ExtResource("2_0o3qh")
uv1_triplanar = true

[sub_resource type="PlaneMesh" id="PlaneMesh_dwm2c"]
material = SubResource("StandardMaterial3D_yhb13")
size = Vector2(1000, 1000)

[sub_resource type="ConcavePolygonShape3D" id="ConcavePolygonShape3D_cg5b6"]
data = PackedVector3Array(5000, 0, 5000, -5000, 0, 5000, 5000, 0, -5000, -5000, 0, 5000, -5000, 0, -5000, 5000, 0, -5000)

[sub_resource type="StandardMaterial3D" id="StandardMaterial3D_bfrjj"]
albedo_texture = ExtResource("4_jxehm")
uv1_triplanar = true

[sub_resource type="StandardMaterial3D" id="StandardMaterial3D_dxbi6"]
albedo_texture = ExtResource("4_btoih")
uv1_triplanar = true

[node name="Level0" type="Node3D"]

[node name="WorldEnvironment" type="WorldEnvironment" parent="."]
environment = SubResource("Environment_5ktl4")
camera_attributes = SubResource("CameraAttributesPractical_171rf")

[node name="DirectionalLight3D" type="DirectionalLight3D" parent="."]
transform = Transform3D(0.707107, -0.5, 0.5, 0, 0.707107, 0.707107, -0.707107, -0.5, 0.5, 0, 0, 0)

[node name="Buildings" type="Node" parent="."]

[node name="Floor" type="MeshInstance3D" parent="Buildings"]
mesh = SubResource("PlaneMesh_dwm2c")
skeleton = NodePath("../..")

[node name="StaticBody3D" type="StaticBody3D" parent="Buildings/Floor"]
script = ExtResource("2_hpmpi")
hit_particle_effects = ExtResource("3_0r2ke")

[node name="CollisionShape3D" type="CollisionShape3D" parent="Buildings/Floor/StaticBody3D"]
shape = SubResource("ConcavePolygonShape3D_cg5b6")

[node name="House" type="Node3D" parent="Buildings"]

[node name="CSGBox3D" type="CSGBox3D" parent="Buildings/House"]
transform = Transform3D(1, 0, 0, 0, 1, 0, 0, 0, 1, 0, 2, -16)
use_collision = true
size = Vector3(15.5, 4, 15.5)
material = SubResource("StandardMaterial3D_bfrjj")
script = ExtResource("2_hpmpi")
hit_particle_effects = ExtResource("3_0r2ke")

[node name="CSGBox3D" type="CSGBox3D" parent="Buildings/House/CSGBox3D"]
transform = Transform3D(1, 0, 0, 0, 1, 0, 0, 0, 1, 3.8, 0, 3.8)
operation = 2
size = Vector3(7.5, 5, 7.5)
material = SubResource("StandardMaterial3D_bfrjj")

[node name="CSGBox3D2" type="CSGBox3D" parent="Buildings/House/CSGBox3D"]
transform = Transform3D(1, 0, 0, 0, 1, 0, 0, 0, 1, -3.8, 0, 3.8)
operation = 2
size = Vector3(7.5, 5, 7.5)
material = SubResource("StandardMaterial3D_bfrjj")

[node name="CSGBox3D5" type="CSGBox3D" parent="Buildings/House/CSGBox3D"]
transform = Transform3D(1, 0, 0, 0, 1, 0, 0, 0, 1, 3.8, 0, -3.8)
operation = 2
size = Vector3(7.5, 5, 7.5)
material = SubResource("StandardMaterial3D_bfrjj")

[node name="CSGBox3D6" type="CSGBox3D" parent="Buildings/House/CSGBox3D"]
transform = Transform3D(1, 0, 0, 0, 1, 0, 0, 0, 1, -3.8, 0, -3.8)
operation = 2
size = Vector3(7.5, 5, 7.5)
material = SubResource("StandardMaterial3D_bfrjj")

[node name="CSGBox3D3" type="CSGBox3D" parent="Buildings/House/CSGBox3D"]
transform = Transform3D(1, 0, 0, 0, 1, 0, 0, 0, 1, 6, -0.8, 8)
operation = 2
size = Vector3(1.5, 2.5, 1.5)
material = SubResource("StandardMaterial3D_bfrjj")

[node name="CSGBox3D4" type="CSGBox3D" parent="Buildings/House/CSGBox3D"]
transform = Transform3D(1, 0, 0, 0, 1, 0, 0, 0, 1, 0.5, -0.8, 2)
operation = 2
size = Vector3(1.5, 2.5, 1.5)
material = SubResource("StandardMaterial3D_bfrjj")

[node name="CSGBox3D7" type="CSGBox3D" parent="Buildings/House/CSGBox3D"]
transform = Transform3D(1, 0, 0, 0, 1, 0, 0, 0, 1, -5.5, -0.8, 0)
operation = 2
size = Vector3(1.5, 2.5, 1.5)
material = SubResource("StandardMaterial3D_bfrjj")

[node name="CSGBox3D8" type="CSGBox3D" parent="Buildings/House/CSGBox3D"]
transform = Transform3D(1, 0, 0, 0, 1, 0, 0, 0, 1, 0.5, -0.8, -2)
operation = 2
size = Vector3(1.5, 2.5, 1.5)
material = SubResource("StandardMaterial3D_bfrjj")

[node name="CSGBox3D9" type="CSGBox3D" parent="Buildings/House/CSGBox3D"]
transform = Transform3D(1, 0, 0, 0, 1, 0, 0, 0, 1, 5.5, -0.8, 0)
operation = 2
size = Vector3(1.5, 2.5, 1.5)
material = SubResource("StandardMaterial3D_bfrjj")

[node name="Target" parent="Buildings/House" instance=ExtResource("4_ea6rt")]
transform = Transform3D(-0.707107, 0, 0.707107, 0, 1, 0, -0.707107, 0, -0.707107, 1.51424, 0, -10.23)

[node name="Target2" parent="Buildings/House" instance=ExtResource("4_ea6rt")]
transform = Transform3D(-0.707107, 0, 0.707107, 0, 1, 0, -0.707107, 0, -0.707107, -6.13241, -4.76837e-07, -9.89168)

[node name="Target3" parent="Buildings/House" instance=ExtResource("4_ea6rt")]
transform = Transform3D(0.707107, 0, -0.707107, 0, 1, 0, 0.707107, 0, 0.707107, -1.23248, -4.76837e-07, -22.1945)

[node name="Target4" parent="Buildings/House" instance=ExtResource("4_ea6rt")]
transform = Transform3D(0.707107, 0, 0.707107, 0, 1, 0, -0.707107, 0, 0.707107, -6.01812, -4.76837e-07, -22.0858)

[node name="Target5" parent="Buildings/House" instance=ExtResource("4_ea6rt")]
transform = Transform3D(0.707107, 0, 0.707107, 0, 1, 0, -0.707107, 0, 0.707107, 1.64236, -4.76837e-07, -22.087)

[node name="Obstacle" type="CSGBox3D" parent="Buildings/House"]
transform = Transform3D(0.707107, 0, -0.707107, 0, 1, 0, 0.707107, 0, 0.707107, -5.74411, 0.5, -10.2862)
use_collision = true
size = Vector3(1, 1, 0.5)
material = SubResource("StandardMaterial3D_dxbi6")
script = ExtResource("2_hpmpi")
hit_particle_effects = ExtResource("3_0r2ke")

[node name="Obstacle2" type="CSGBox3D" parent="Buildings/House"]
transform = Transform3D(-0.707107, 0, -0.707107, 0, 1, 0, 0.707107, 0, -0.707107, -5.52213, 0.5, -21.5679)
use_collision = true
size = Vector3(1, 1, 0.5)
material = SubResource("StandardMaterial3D_dxbi6")
script = ExtResource("2_hpmpi")
hit_particle_effects = ExtResource("3_0r2ke")

[node name="Obstacle3" type="CSGBox3D" parent="Buildings/House"]
transform = Transform3D(-0.707107, 0, 0.707107, 0, 1, 0, -0.707107, 0, -0.707107, -1.76314, 0.5, -21.7189)
use_collision = true
size = Vector3(1, 1, 0.5)
material = SubResource("StandardMaterial3D_dxbi6")
script = ExtResource("2_hpmpi")
hit_particle_effects = ExtResource("3_0r2ke")

[node name="Obstacle4" type="CSGBox3D" parent="Buildings/House"]
transform = Transform3D(-0.707107, 0, -0.707107, 0, 1, 0, 0.707107, 0, -0.707107, 2.18244, 0.5, -21.5965)
use_collision = true
size = Vector3(1, 1, 0.5)
material = SubResource("StandardMaterial3D_dxbi6")
script = ExtResource("2_hpmpi")
hit_particle_effects = ExtResource("3_0r2ke")

[node name="Player" parent="." instance=ExtResource("1_spnw0")]
transform = Transform3D(1, 0, 0, 0, 1, 0, 0, 0, 1, 0, 1, 0)
